Test Case: Grip Water
Threshold: 0.80
4,0.23,0.00,0.00,0.13,0.05
64,0.19,0.01,0.00,0.14,0.05
125,0.19,0.00,0.00,0.14,0.06
186,0.18,0.00,0.00,0.13,0.04
248,0.19,0.00,0.00,0.13,0.05
308,0.19,0.00,0.00,0.14,0.05
368,0.18,0.00,0.00,0.13,0.06
430,0.19,0.00,0.00,0.14,0.07
490,0.19,0.00,0.00,0.13,0.09
552,0.19,0.00,0.00,0.13,0.08
612,0.19,0.00,0.00,0.23,0.13
674,0.19,0.00,0.00,0.26,0.08
734,0.20,0.00,0.00,0.27,0.07
795,0.18,0.00,0.01,0.24,0.09
856,0.18,0.00,0.01,0.21,0.05
916,0.18,0.00,0.00,0.16,0.07
978,0.19,0.00,0.02,0.25,0.13
1038,0.18,0.00,0.01,0.21,0.07
1100,0.18,0.00,0.01,0.15,0.06
1160,0.18,0.00,0.00,0.26,0.08
1221,0.18,0.00,0.00,0.26,0.08
1282,0.19,0.00,0.02,0.20,0.09
1343,0.19,0.00,0.03,0.20,0.12
1405,0.18,0.00,0.02,0.27,0.05
1465,0.19,0.00,0.03,0.23,0.06
1527,0.19,0.00,0.03,0.20,0.07
1587,0.18,0.00,0.02,0.14,0.05
1648,0.19,0.00,0.03,0.14,0.09
1709,0.19,0.00,0.03,0.14,0.06
1770,0.18,0.02,0.02,0.15,0.08
1831,0.20,0.04,0.00,0.20,0.09
1892,0.19,0.03,0.01,0.16,0.10
1953,0.19,0.05,0.00,0.15,0.07
2014,0.20,0.04,0.01,0.05,0.09
2074,0.19,0.05,0.01,0.04,0.04
2136,0.19,0.05,0.00,0.10,0.05
2196,0.20,0.06,0.02,0.11,0.04
2258,0.20,0.06,0.00,0.14,0.10
2318,0.20,0.04,0.05,0.12,0.09
2380,0.21,0.06,0.09,0.12,0.21
2440,0.20,0.04,0.09,0.03,0.06
2501,0.20,0.00,0.08,0.02,0.10
2563,0.20,0.00,0.09,0.04,0.09
2623,0.20,0.00,0.09,0.03,0.15
2685,0.20,0.00,0.08,0.02,0.12
2745,0.20,0.00,0.05,0.03,0.12
2807,0.20,0.00,0.06,0.01,0.09
2867,0.20,0.00,0.06,0.01,0.05
2928,0.20,0.03,0.06,0.02,0.08
2989,0.20,0.01,0.06,0.02,0.05
3050,0.20,0.00,0.07,0.01,0.09
3111,0.21,0.00,0.08,0.07,0.08
3172,0.19,0.00,0.07,0.06,0.06
3233,0.22,0.00,0.05,0.08,0.05
3294,0.20,0.01,0.08,0.03,0.06
3354,0.19,0.00,0.06,0.05,0.05
3416,0.26,0.01,0.00,0.09,0.07
3476,0.25,0.02,0.03,0.10,0.13
3538,0.32,0.02,0.00,0.12,0.08
3598,0.25,0.01,0.00,0.07,0.08
3660,0.34,0.04,0.05,0.06,0.09
3720,0.24,0.02,0.04,0.07,0.07
3781,0.24,0.01,0.04,0.04,0.08
3843,0.30,0.03,0.05,0.09,0.09
3903,0.29,0.02,0.01,0.04,0.07
3965,0.30,0.04,0.03,0.08,0.12
4025,0.29,0.01,0.05,0.05,0.11
4087,0.25,0.00,0.04,0.04,0.04
4147,0.25,0.03,0.01,0.12,0.10
4208,0.24,0.02,0.00,0.11,0.10
4270,0.23,0.01,0.03,0.10,0.13
4330,0.29,0.02,0.03,0.12,0.07
4392,0.29,0.03,0.00,0.15,0.09
4452,0.24,0.02,0.00,0.12,0.06
4514,0.25,0.02,0.00,0.02,0.08
4574,0.29,0.04,0.01,0.01,0.07
4635,0.26,0.03,0.05,0.02,0.11
4696,0.25,0.02,0.06,0.07,0.05
4757,0.30,0.01,0.01,0.05,0.07
4818,0.23,0.03,0.00,0.02,0.06
4879,0.29,0.04,0.04,0.03,0.05
4940,0.32,0.04,0.01,0.07,0.03
5001,0.27,0.04,0.01,0.05,0.07
5061,0.26,0.05,0.05,0.13,0.06
5123,0.26,0.05,0.00,0.12,0.05
5183,0.25,0.05,0.00,0.01,0.05
5245,0.26,0.06,0.03,0.02,0.07
5305,0.26,0.03,0.05,0.00,0.05
5367,0.27,0.04,0.05,0.12,0.06
5427,0.28,0.05,0.05,0.17,0.07
5488,0.29,0.05,0.02,0.36,0.07
5550,0.29,0.05,0.05,0.26,0.07
5610,0.29,0.05,0.09,0.28,0.08
5672,0.30,0.04,0.06,0.24,0.05
5732,0.30,0.05,0.05,0.35,0.05
5794,0.30,0.05,0.10,0.39,0.07
5854,0.29,0.04,0.09,0.54,0.09
5915,0.30,0.04,0.05,0.54,0.06
5976,0.31,0.04,0.05,0.58,0.09
6037,0.30,0.04,0.07,0.45,0.04
6098,0.29,0.04,0.10,0.64,0.10
6159,0.30,0.04,0.07,0.56,0.07
6220,0.31,0.03,0.10,0.65,0.07
6281,0.32,0.04,0.10,0.66,0.07
6341,0.31,0.04,0.07,0.68,0.08
6403,0.31,0.03,0.08,0.71,0.05
6463,0.30,0.05,0.06,0.48,0.05
6525,0.29,0.04,0.07,0.57,0.08
6585,0.28,0.04,0.09,0.56,0.07
6647,0.29,0.05,0.09,0.54,0.08
6708,0.29,0.05,0.08,0.48,0.10
6768,0.28,0.04,0.06,0.64,0.04
6830,0.30,0.06,0.06,0.42,0.10
6890,0.30,0.05,0.11,0.64,0.05
6952,0.30,0.02,0.11,0.65,0.06
7012,0.31,0.03,0.13,0.54,0.08
7074,0.31,0.03,0.23,0.40,0.06
7134,0.31,0.03,0.30,0.57,0.06
7195,0.31,0.05,0.22,0.45,0.06
7256,0.30,0.04,0.21,0.70,0.06
7317,0.30,0.05,0.26,0.48,0.07
7379,0.28,0.05,0.30,0.45,0.07
7439,0.29,0.05,0.26,0.67,0.07
7501,0.30,0.05,0.26,0.57,0.07
7561,0.31,0.05,0.36,0.52,0.07
7622,0.30,0.04,0.35,0.62,0.06
7683,0.31,0.05,0.33,0.56,0.05
7744,0.31,0.05,0.23,0.55,0.06
7805,0.30,0.05,0.35,0.44,0.05
7866,0.31,0.05,0.26,0.61,0.10
7927,0.31,0.05,0.32,0.62,0.07
7988,0.30,0.04,0.23,0.58,0.05
8049,0.30,0.04,0.27,0.69,0.04
8110,0.30,0.05,0.36,0.67,0.06
8171,0.28,0.05,0.25,0.56,0.05
8232,0.28,0.04,0.20,0.74,0.06
8293,0.28,0.04,0.31,0.67,0.08
8354,0.28,0.04,0.29,0.69,0.07
8415,0.26,0.04,0.32,0.57,0.06
8475,0.26,0.04,0.29,0.56,0.08
8537,0.26,0.04,0.32,0.59,0.05
8597,0.27,0.04,0.34,0.61,0.08
8659,0.26,0.04,0.33,0.55,0.04
8719,0.26,0.02,0.25,0.55,0.02
8781,0.26,0.04,0.39,0.56,0.04
8841,0.26,0.03,0.28,0.74,0.06
8902,0.27,0.04,0.32,0.50,0.04
8963,0.29,0.05,0.32,0.62,0.10
9024,0.27,0.04,0.29,0.45,0.04
9086,0.28,0.05,0.23,0.42,0.04
9146,0.28,0.05,0.29,0.62,0.07
9208,0.28,0.04,0.23,0.43,0.01
9268,0.28,0.04,0.26,0.44,0.03
9329,0.29,0.04,0.35,0.48,0.09
9391,0.29,0.06,0.39,0.35,0.05
9451,0.30,0.03,0.32,0.38,0.02
9513,0.30,0.01,0.30,0.60,0.05
9573,0.30,0.01,0.37,0.53,0.06
9635,0.30,0.01,0.42,0.48,0.08
9695,0.30,0.01,0.50,0.55,0.07
9756,0.29,0.01,0.44,0.50,0.06
9817,0.29,0.01,0.44,0.43,0.04
9878,0.30,0.01,0.38,0.38,0.08
9939,0.29,0.01,0.34,0.43,0.06
10000,0.28,0.01,0.32,0.47,0.06
10061,0.28,0.01,0.33,0.47,0.07
10122,0.27,0.01,0.31,0.54,0.04
10182,0.27,0.01,0.33,0.44,0.05
10244,0.27,0.01,0.43,0.57,0.08
10305,0.27,0.01,0.41,0.50,0.06
10366,0.27,0.01,0.39,0.51,0.05
10427,0.27,0.00,0.31,0.54,0.06
10488,0.27,0.01,0.30,0.43,0.04
10549,0.27,0.01,0.40,0.39,0.02
10611,0.27,0.00,0.36,0.50,0.05
10671,0.26,0.00,0.34,0.43,0.02
10732,0.27,0.01,0.24,0.46,0.01
10793,0.27,0.00,0.16,0.34,0.05
10854,0.26,0.00,0.11,0.35,0.03
10916,0.27,0.01,0.14,0.39,0.06
10976,0.26,0.01,0.26,0.39,0.07
11038,0.26,0.01,0.24,0.34,0.07
11098,0.27,0.01,0.26,0.43,0.05
11159,0.26,0.01,0.24,0.37,0.06
11220,0.25,0.00,0.25,0.45,0.04
11281,0.26,0.01,0.25,0.41,0.05
11342,0.26,0.01,0.20,0.40,0.06
11403,0.26,0.01,0.29,0.46,0.05
11465,0.28,0.01,0.35,0.48,0.07
11525,0.27,0.02,0.38,0.41,0.07
11586,0.27,0.01,0.25,0.39,0.04
11647,0.28,0.01,0.28,0.46,0.04
11708,0.27,0.01,0.24,0.53,0.06
11770,0.28,0.01,0.27,0.51,0.04
11830,0.28,0.01,0.26,0.47,0.04
11892,0.28,0.01,0.30,0.50,0.04
11953,0.29,0.01,0.31,0.54,0.02
12013,0.29,0.01,0.28,0.50,0.04
12075,0.29,0.01,0.26,0.42,0.04
12135,0.29,0.00,0.29,0.46,0.04
12197,0.29,0.01,0.31,0.41,0.03
12257,0.29,0.01,0.33,0.45,0.03
12319,0.29,0.01,0.21,0.42,0.04
12379,0.29,0.01,0.35,0.35,0.06
12440,0.29,0.01,0.28,0.36,0.06
12502,0.29,0.01,0.37,0.34,0.08
12562,0.29,0.01,0.32,0.34,0.09
12624,0.28,0.01,0.31,0.32,0.06
12684,0.29,0.01,0.30,0.35,0.05
12746,0.29,0.01,0.28,0.39,0.07
12807,0.28,0.01,0.35,0.35,0.05
12867,0.28,0.02,0.32,0.40,0.04
12929,0.29,0.01,0.38,0.37,0.06
12989,0.28,0.01,0.41,0.37,0.03
13051,0.28,0.01,0.39,0.42,0.09
13112,0.29,0.01,0.38,0.42,0.05
13173,0.28,0.00,0.33,0.39,0.03
13234,0.28,0.00,0.37,0.42,0.06
13294,0.28,0.01,0.36,0.43,0.07
13356,0.27,0.00,0.47,0.43,0.05
13416,0.26,0.00,0.03,0.47,0.03
13478,0.24,0.00,0.35,0.37,0.06
13539,0.24,0.00,0.30,0.39,0.04
13600,0.24,0.00,0.46,0.44,0.04
13661,0.24,0.00,0.41,0.44,0.05
13721,0.24,0.00,0.48,0.38,0.03
13783,0.25,0.00,0.47,0.42,0.03
13843,0.24,0.00,0.52,0.50,0.03
13905,0.24,0.00,0.48,0.48,0.02
13965,0.25,0.00,0.47,0.48,0.04
14027,0.24,0.01,0.35,0.49,0.05
14088,0.24,0.00,0.43,0.49,0.04
14148,0.25,0.00,0.45,0.48,0.05
14210,0.24,0.00,0.54,0.48,0.05
14270,0.24,0.00,0.48,0.50,0.04
14332,0.25,0.00,0.42,0.48,0.05
14393,0.25,0.00,0.50,0.42,0.05
14454,0.24,0.00,0.50,0.44,0.04

