Test Case: Grip Thermos
Threshold: 1.40
4,0.09,0.00,0.03,0.25,0.06
65,0.06,0.00,0.05,0.26,0.07
125,0.05,0.00,0.04,0.23,0.07
186,0.07,0.00,0.03,0.22,0.06
247,0.07,0.00,0.04,0.24,0.10
308,0.07,0.00,0.03,0.23,0.07
369,0.10,0.00,0.03,0.23,0.05
430,0.13,0.00,0.04,0.25,0.09
491,0.12,0.00,0.03,0.23,0.08
552,0.15,0.00,0.04,0.24,0.09
612,0.15,0.00,0.04,0.21,0.07
673,0.14,0.00,0.03,0.09,0.08
734,0.16,0.00,0.04,0.08,0.09
795,0.16,0.00,0.04,0.12,0.09
856,0.15,0.00,0.03,0.18,0.04
917,0.16,0.00,0.04,0.12,0.06
978,0.16,0.00,0.04,0.03,0.08
1038,0.13,0.00,0.03,0.12,0.06
1100,0.14,0.00,0.04,0.15,0.03
1161,0.14,0.00,0.03,0.17,0.08
1222,0.14,0.00,0.01,0.13,0.03
1283,0.15,0.00,0.03,0.19,0.07
1344,0.13,0.00,0.03,0.24,0.04
1405,0.13,0.00,0.02,0.20,0.05
1465,0.14,0.00,0.02,0.12,0.10
1527,0.13,0.00,0.02,0.14,0.08
1587,0.12,0.00,0.01,0.18,0.05
1649,0.14,0.00,0.02,0.11,0.07
1709,0.14,0.00,0.03,0.17,0.06
1771,0.14,0.00,0.00,0.13,0.10
1831,0.15,0.00,0.04,0.14,0.13
1892,0.14,0.00,0.01,0.14,0.13
1953,0.14,0.00,0.00,0.16,0.09
2014,0.13,0.00,0.06,0.03,0.10
2075,0.12,0.00,0.00,0.09,0.08
2136,0.12,0.00,0.01,0.06,0.05
2197,0.12,0.00,0.02,0.05,0.10
2258,0.11,0.00,0.01,0.13,0.06
2318,0.11,0.00,0.02,0.14,0.06
2380,0.11,0.00,0.02,0.11,0.06
2440,0.11,0.00,0.00,0.09,0.11
2502,0.12,0.00,0.01,0.10,0.13
2563,0.11,0.00,0.01,0.10,0.13
2624,0.11,0.00,0.01,0.09,0.14
2685,0.12,0.00,0.02,0.09,0.13
2745,0.12,0.00,0.04,0.10,0.09
2807,0.11,0.00,0.01,0.01,0.05
2867,0.11,0.00,0.00,0.06,0.06
2929,0.09,0.00,0.01,0.04,0.10
2989,0.03,0.00,0.04,0.04,0.10
3051,0.08,0.00,0.04,0.05,0.08
3111,0.14,0.00,0.04,0.05,0.06
3172,0.08,0.00,0.02,0.00,0.03
3233,0.07,0.00,0.00,0.04,0.04
3293,0.03,0.00,0.00,0.07,0.06
3355,0.12,0.00,0.00,0.06,0.09
3415,0.13,0.00,0.00,0.10,0.04
3477,0.12,0.00,0.05,0.14,0.09
3537,0.10,0.00,0.04,0.02,0.00
3598,0.12,0.00,0.00,0.12,0.06
3659,0.09,0.00,0.04,0.05,0.04
3720,0.04,0.00,0.04,0.02,0.01
3781,0.04,0.00,0.00,0.07,0.06
3842,0.13,0.00,0.03,0.01,0.04
3903,0.08,0.00,0.00,0.05,0.02
3964,0.09,0.00,0.05,0.06,0.06
4024,0.13,0.00,0.00,0.00,0.03
4086,0.10,0.01,0.00,0.00,0.05
4146,0.11,0.01,0.00,0.01,0.06
4208,0.15,0.01,0.00,0.00,0.04
4268,0.13,0.01,0.03,0.00,0.03
4330,0.14,0.01,0.02,0.08,0.11
4390,0.20,0.00,0.02,0.27,0.53
4451,0.20,0.02,0.01,0.37,0.69
4512,0.14,0.00,0.00,0.17,0.58
4573,0.16,0.00,0.00,0.49,0.73
4634,0.21,0.01,0.03,0.71,0.99
4695,0.22,0.01,0.01,0.91,0.51
4756,0.22,0.00,0.02,0.87,0.74
4817,0.22,0.00,0.15,0.56,0.82
4877,0.25,0.01,0.22,0.51,0.73
4939,0.23,0.01,0.20,0.46,0.37
4999,0.28,0.01,0.46,0.81,0.11
5061,0.30,0.02,0.44,0.74,0.07
5122,0.30,0.02,0.14,0.82,0.03
5183,0.32,0.02,0.04,0.69,0.05
5244,0.22,0.01,0.04,0.63,0.06
5304,0.26,0.01,0.07,0.61,0.04
5366,0.28,0.02,0.08,0.54,0.10
5426,0.33,0.02,0.13,0.50,0.13
5488,0.31,0.02,0.12,0.44,0.10
5548,0.30,0.03,0.09,0.35,0.07
5610,0.26,0.02,0.05,0.40,0.09
5670,0.30,0.01,0.09,0.36,0.05
5731,0.34,0.02,0.12,0.36,0.08
5793,0.28,0.01,0.13,0.23,0.03
5853,0.30,0.02,0.08,0.48,0.06
5915,0.29,0.02,0.18,0.35,0.07
5975,0.25,0.01,0.11,0.23,0.07
6037,0.30,0.01,0.11,0.38,0.08
6097,0.26,0.01,0.14,0.38,0.06
6158,0.25,0.00,0.19,0.38,0.06
6219,0.22,0.01,0.14,0.27,0.05
6280,0.27,0.01,0.12,0.39,0.10
6341,0.25,0.00,0.10,0.54,0.05
6402,0.23,0.00,0.11,0.47,0.05
6464,0.23,0.01,0.13,0.51,0.05
6524,0.26,0.00,0.13,0.41,0.01
6585,0.28,0.01,0.12,0.50,0.01
6646,0.27,0.01,0.13,0.56,0.04
6707,0.29,0.00,0.16,0.43,0.02
6768,0.34,0.01,0.17,0.47,0.04
6829,0.36,0.01,0.14,0.41,0.02
6890,0.32,0.01,0.14,0.57,0.01
6951,0.36,0.01,0.13,0.85,0.06
7011,0.37,0.01,0.18,0.47,0.02
7073,0.37,0.01,0.11,0.32,0.01
7133,0.37,0.01,0.21,0.44,0.01
7195,0.38,0.01,0.22,0.19,0.01
7255,0.41,0.01,0.18,0.19,0.00
7317,0.40,0.01,0.23,0.21,0.00
7377,0.41,0.01,0.19,0.17,0.00
7438,0.41,0.01,0.24,0.09,0.00
7499,0.40,0.01,0.20,0.12,0.00
7560,0.37,0.01,0.21,0.10,0.03
7621,0.37,0.01,0.21,0.17,0.01
7682,0.39,0.01,0.23,0.16,0.05
7744,0.39,0.01,0.23,0.14,0.03
7804,0.35,0.01,0.15,0.21,0.00
7865,0.36,0.01,0.23,0.29,0.00
7926,0.37,0.01,0.21,0.30,0.01
7987,0.38,0.01,0.23,0.20,0.03
8048,0.42,0.01,0.15,0.15,0.03
8109,0.41,0.01,0.23,0.18,0.04
8170,0.39,0.01,0.22,0.38,0.00
8231,0.39,0.01,0.25,0.26,0.01
8291,0.38,0.01,0.23,0.09,0.00
8353,0.38,0.01,0.20,0.12,0.00
8413,0.36,0.01,0.25,0.14,0.02
8475,0.36,0.01,0.25,0.07,0.00
8535,0.35,0.01,0.26,0.08,0.00
8597,0.33,0.01,0.24,0.19,0.01
8657,0.33,0.01,0.23,0.15,0.00
8718,0.34,0.01,0.27,0.15,0.00
8779,0.34,0.01,0.20,0.11,0.01
8840,0.33,0.01,0.16,0.13,0.00
8901,0.36,0.01,0.21,0.13,0.00
8962,0.36,0.01,0.25,0.15,0.00
9024,0.37,0.01,0.26,0.25,0.01
9084,0.36,0.01,0.20,0.29,0.00
9145,0.36,0.01,0.24,0.16,0.00
9206,0.36,0.01,0.25,0.03,0.00
9267,0.39,0.01,0.27,0.12,0.00
9328,0.39,0.01,0.25,0.15,0.00
9389,0.37,0.01,0.21,0.27,0.00
9450,0.36,0.01,0.26,0.13,0.00
9511,0.37,0.01,0.24,0.10,0.00
9571,0.39,0.01,0.28,0.23,0.00
9633,0.39,0.01,0.31,0.09,0.00
9693,0.41,0.01,0.29,0.17,0.03
9755,0.40,0.01,0.23,0.17,0.00
9815,0.38,0.01,0.17,0.16,0.03
9877,0.37,0.01,0.21,0.21,0.03
9937,0.38,0.01,0.22,0.23,0.00
9998,0.39,0.01,0.24,0.23,0.04
10059,0.39,0.01,0.21,0.21,0.00
10120,0.39,0.01,0.24,0.36,0.01
10182,0.40,0.01,0.26,0.18,0.04
10242,0.36,0.01,0.25,0.31,0.04
10304,0.46,0.01,0.22,0.34,0.00
10364,0.45,0.01,0.23,0.20,0.01
10425,0.45,0.01,0.21,0.27,0.04
10487,0.31,0.01,0.16,0.25,0.01
10547,0.36,0.01,0.25,0.33,0.02
10609,0.33,0.01,0.30,0.24,0.01
10669,0.28,0.01,0.27,0.23,0.00
10731,0.26,0.01,0.29,0.13,0.00
10792,0.32,0.01,0.29,0.30,0.00
10852,0.20,0.00,0.38,0.20,0.00
10914,0.35,0.01,0.41,0.29,0.01
10974,0.29,0.00,0.36,0.22,0.00
11036,0.24,0.00,0.34,0.36,0.01
11096,0.25,0.00,0.34,0.15,0.00
11158,0.31,0.01,0.36,0.18,0.00
11218,0.30,0.01,0.36,0.21,0.00
11279,0.28,0.01,0.38,0.24,0.01
11340,0.25,0.00,0.38,0.18,0.02
11401,0.25,0.00,0.40,0.21,0.05
11463,0.24,0.00,0.36,0.21,0.01
11523,0.17,0.00,0.38,0.08,0.00
11585,0.21,0.00,0.37,0.18,0.00
11646,0.16,0.00,0.39,0.15,0.01
11706,0.15,0.00,0.41,0.07,0.00
11768,0.20,0.00,0.45,0.14,0.00
11828,0.19,0.00,0.38,0.15,0.00
11890,0.16,0.00,0.37,0.11,0.00
11950,0.21,0.00,0.35,0.21,0.00
12012,0.17,0.00,0.37,0.31,0.01
12072,0.23,0.00,0.36,0.23,0.00
12133,0.23,0.01,0.35,0.13,0.00
12195,0.22,0.00,0.37,0.31,0.01
12255,0.22,0.00,0.35,0.26,0.00
12317,0.22,0.00,0.36,0.28,0.00
12377,0.22,0.00,0.37,0.26,0.01
12439,0.17,0.00,0.32,0.26,0.01
12499,0.19,0.00,0.36,0.27,0.01
12560,0.17,0.00,0.34,0.09,0.01
12621,0.21,0.00,0.31,0.11,0.00
12682,0.20,0.00,0.39,0.17,0.01
12744,0.18,0.00,0.37,0.24,0.00
12804,0.18,0.00,0.34,0.10,0.00
12866,0.20,0.00,0.35,0.15,0.01
12927,0.22,0.00,0.35,0.20,0.02
12987,0.24,0.00,0.36,0.37,0.01
13049,0.22,0.00,0.39,0.28,0.03
13109,0.17,0.00,0.35,0.35,0.03
13171,0.19,0.00,0.31,0.25,0.01
13231,0.19,0.00,0.33,0.23,0.02
13293,0.17,0.00,0.34,0.19,0.01
13354,0.16,0.00,0.37,0.24,0.01
13414,0.17,0.00,0.38,0.15,0.00
13476,0.18,0.00,0.35,0.18,0.00
13536,0.20,0.00,0.36,0.16,0.00
13598,0.22,0.00,0.41,0.19,0.07
13658,0.24,0.00,0.38,0.08,0.10
13720,0.23,0.00,0.38,0.10,0.00
13780,0.22,0.01,0.39,0.08,0.02
13841,0.17,0.00,0.39,0.10,0.00
13903,0.14,0.00,0.35,0.26,0.02
13963,0.22,0.00,0.35,0.13,0.04
14025,0.37,0.01,0.33,0.07,0.03
14085,0.60,0.01,0.36,0.14,0.06
14147,0.71,0.02,0.38,0.29,0.10
14208,0.76,0.02,0.37,0.15,0.09
14268,0.81,0.03,0.38,0.11,0.04
14330,0.73,0.03,0.38,0.18,0.10
14391,0.77,0.02,0.37,0.45,0.10
14452,0.73,0.02,0.38,0.25,0.09
14513,0.70,0.02,0.38,0.42,0.10
14574,0.70,0.02,0.37,0.21,0.08
14635,0.72,0.02,0.38,0.21,0.08
14696,0.71,0.02,0.38,0.16,0.09
14757,0.70,0.02,0.37,0.33,0.08
14817,0.71,0.02,0.38,0.40,0.09
14879,0.74,0.03,0.39,0.29,0.10
14940,0.73,0.02,0.38,0.15,0.08
15001,0.73,0.02,0.39,0.15,0.09
15062,0.75,0.02,0.40,0.13,0.10
15123,0.76,0.02,0.39,0.13,0.08
15184,0.77,0.03,0.40,0.13,0.10
15245,0.77,0.04,0.40,0.06,0.11
15306,0.76,0.05,0.39,0.15,0.10
15367,0.77,0.05,0.40,0.18,0.11
15429,0.76,0.07,0.41,0.11,0.11
15489,0.75,0.06,0.39,0.20,0.12
15551,0.76,0.08,0.40,0.13,0.14
15611,0.76,0.08,0.40,0.11,0.13
15672,0.76,0.08,0.39,0.06,0.10
15733,0.77,0.09,0.43,0.13,0.11
15794,0.76,0.09,0.44,0.23,0.12
15856,0.76,0.08,0.41,0.22,0.10
15916,0.77,0.09,0.41,0.17,0.11
15978,0.77,0.09,0.41,0.13,0.11
16038,0.77,0.08,0.38,0.11,0.09

